<?xml version="1.0"?>
<opencv_storage>
<contour1 type_id="opencv-sequence">
  <flags>"untyped"</flags>
  <count>190</count>
  <dt>"6i"</dt>
  <data>
    1108445507 1093608027 1 16 1118064780 1159300044 1109855581
    1099006101 -1 17 1133504196 1154624266 1132151483 1098156794 -1 20
    1132874493 1151831022 1131217938 1101561596 -1 17 1133566114
    1140942273 1133114540 1102605940 1 16 1131019602 1159570962
    1111239269 1103101709 -1 17 1132795228 1140610599 1133039120
    1106369359 -1 16 1131410432 1174404758 1133398150 1106490441 1 16
    1135669580 1143825754 1101341544 1107113792 -1 16 1134031825
    1176150745 1133231969 1108438899 1 17 1129751266 1165810352
    1097586570 1108841847 1 17 1103465394 1167291126 1129049351
    1109371598 1 17 1133114529 1171498347 1117781264 1109775612 1 11
    1120186064 1161155624 1130097250 1109883445 -1 15 1120399374
    1168050044 1133039165 1109917110 -1 17 1129680268 1171095368
    1101097712 1110399157 -1 17 1134866419 1171347099 1131430948
    1110735665 -1 13 1116207319 1143335947 1112923363 1111158671 -1 14
    1122487534 1149543757 1129707293 1111265845 1 16 1132091654
    1178691592 1117634673 1111497435 1 17 1133723015 1174141902
    1116511144 1111768302 1 16 1133500756 1168438320 1133199333
    1111660896 1 18 1129042164 1169520084 1115146973 1111999145 1 13
    1121687017 1155951952 1108943088 1112948305 -1 13 1117399304
    1141654014 1121942908 1113021367 1 13 1130497945 1141035198
    1112042794 1113524873 -1 15 1123897823 1164837272 1117287757
    1113453654 -1 14 1133478417 1169303575 1107418725 1114187895 1 14
    1118135091 1175576872 1120890382 1114657410 -1 13 1130342015
    1147388582 1113920171 1114708116 1 17 1133949587 1175450130
    1103258659 1116814267 -1 17 1134322604 1175942556 1132976240
    1117594648 1 17 1131141688 1175814655 1101390539 1117895793 1 17
    1134203385 1172408933 1132731298 1118241570 -1 15 1131137581
    1168630378 1125062836 1119656511 1 15 1129348212 1142424779
    1125723535 1120100348 1 16 1135756669 1162613585 1124651579
    1121103217 1 14 1127683044 1142861428 1125398415 1121013973 1 15
    1131910342 1148617343 1130887164 1121825865 1 15 1120070325
    1162022669 1126883420 1122221344 -1 14 1135712647 1145565176
    1115842058 1122616892 -1 15 1116366436 1163978657 1123784789
    1122600898 -1 15 1127900793 1143255857 1130530146 1122708276 -1 16
    1131795882 1165781726 1114891629 1123524739 1 17 1133492065
    1188549921 1130923148 1123661587 1 17 1132394932 1189997115
    1124516704 1123836331 -1 15 1128190095 1168743010 1125397632
    1124151619 -1 15 1128409758 1151273036 1124837674 1124282896 1 15
    1126754790 1165948515 1132258936 1124627523 -1 16 1129726732
    1168916503 1124821168 1124807255 -1 15 1126777730 1161576154
    1125710062 1124825964 -1 14 1135535386 1142595433 1132541978
    1124989040 1 17 1129026120 1171289660 1125124517 1125260067 1 16
    1127488048 1156710528 1126473934 1125217530 -1 15 1135350550
    1140679910 1125940479 1125297643 1 18 1135374603 1149886528
    1125538125 1126109747 -1 16 1135853633 1151881216 1106110160
    1126208577 1 12 1134815014 1173937093 1132753038 1126352451 1 16
    1129433123 1174146212 1132505832 1126680112 -1 12 1130006345
    1143876880 1132542274 1127637185 1 13 1129323171 1150788681
    1125021973 1127690831 -1 15 1098595441 1163476135 1108539532
    1127863996 -1 16 1048873963 1166663557 1132516557 1127948090 -1 16
    1126224842 1170009328 1125839616 1128092102 1 13 1104157096
    1154113564 1132721423 1128408815 1 14 1126119307 1141607613
    1109277840 1128442616 -1 16 1098946265 1165421453 1125921206
    1128549405 1 12 1127944683 1142976171 1132349140 1128572637 -1 16
    1126172137 1163784320 1110764332 1129162775 -1 16 1109604925
    1167145509 1131950332 1129248624 -1 16 1124880899 1167537771
    1113510225 1129784949 -1 14 1110393690 1154205444 1131269893
    1129819405 -1 14 1124291779 1155086461 1115584207 1130179793 -1 16
    1116483304 1154326791 1115996263 1130582669 1 16 1116658818
    1141217180 1131960336 1099299961 -1 20 1132853648 1153623391
    1110796507 1099861670 -1 20 1133068039 1151622673 1132801722
    1100138785 -1 22 1131988227 1173060180 1111369156 1100270421 -1 21
    1133118198 1150520193 1105316492 1100854323 -1 22 1133550512
    1172361306 1099855776 1102988816 1 19 1134328951 1156049809
    1109132249 1105727532 -1 21 1133894555 1142532166 1132462123
    1106846692 -1 23 1128977753 1144137400 1117389304 1108396032 -1 20
    1131466967 1157572396 1129859449 1108328304 -1 21 1133795641
    1157443178 1118854289 1109035282 1 21 1132742820 1172449798
    1132660859 1110664459 1 22 1130045115 1149832541 1118882644
    1111634603 -1 22 1132864852 1177845209 1129116791 1111566470 -1 22
    1132979659 1176605997 1130478970 1111783117 1 21 1131902317
    1176449829 1116217146 1111964376 1 20 1133538471 1167316731
    1098653271 1112255479 1 19 1134997549 1168350185 1132971964
    1113610673 -1 22 1125607390 1171787356 1130638018 1114059478 -1 20
    1131543239 1176017529 1102247079 1114273598 -1 22 1135450808
    1172487491 1115827903 1114298069 -1 19 1133798443 1177926298
    1131243131 1114588382 1 20 1131853366 1177169727 1133099165
    1115865995 1 20 1124309031 1166627560 1099689196 1116120577 1 19
    1127795407 1171586737 1131835708 1116319124 -1 22 1131505227
    1174373508 1111590300 1116503660 -1 22 1133863447 1173315099
    1132496647 1116424880 1 19 1130521469 1181958963 1108133930
    1116618126 1 21 1134365693 1176915855 1132873750 1116537074 -1 18
    1130222381 1171918870 1108506538 1116662820 1 20 1134359673
    1176436081 1123668082 1118400789 -1 22 1128937161 1146997049
    1106123802 1118562365 -1 18 1134245314 1167308403 1132798213
    1119666232 -1 23 1124433758 1176273407 1104574073 1120000742 -1 21
    1114631888 1176079060 1131932464 1120540617 -1 21 1120689987
    1141332987 1126660437 1120637263 -1 21 1135851979 1151909885
    1124519798 1121280940 1 20 1127794476 1141758079 1113217314
    1122212401 1 21 1117395752 1163122388 1113544755 1122181199 1 21
    1117500373 1163062207 1125006783 1122238875 -1 22 1128718964
    1143043188 1125728761 1123281023 1 21 1135664866 1152784998
    1112422913 1123844142 -1 21 1134135271 1168935719 1127060308
    1123945121 -1 21 1135643870 1145861036 1131548398 1123991412 -1 22
    1130962763 1170717713 1108093722 1125046499 1 24 1135094953
    1168652688 1123886724 1125142703 -1 20 1128518910 1146315650
    1107777514 1125706075 -1 20 1134556843 1168457503 1132626524
    1125837967 -1 19 1129907421 1168947389 1107624833 1126946012 -1 21
    1135273617 1172898711 1132648301 1127065682 -1 20 1128699110
    1175374336 1106614026 1127564168 1 23 1099855362 1158065729
    1124666331 1128006538 1 20 1126154801 1164428361 1132843942
    1127973159 1 23 1126158624 1141006345 1126945424 1129174582 -1 27
    1107590728 1141246075 1113000647 1129925634 -1 22 1112205703
    1141156980 1111943835 1102286763 -1 30 1132742636 1148618812
    1109500513 1107422246 -1 31 1134594018 1141718375 1130184776
    1108138322 -1 28 1132789743 1158003111 1116650046 1108333664 -1 29
    1133529675 1160808229 1118664250 1108463777 1 31 1133375912
    1169051079 1114972636 1110924228 1 34 1133695393 1150352643
    1132137508 1111775952 -1 30 1131366188 1143335174 1110363004
    1112317095 -1 30 1133916964 1145976884 1119199381 1112245434 -1 31
    1133394382 1179566327 1128944944 1112204533 -1 32 1132847572
    1176848358 1132577783 1114985317 1 30 1130217869 1150967542
    1107536125 1115456320 1 33 1134523239 1150437004 1132598441
    1117924038 -1 34 1130264409 1155043354 1132706638 1119567259 -1 33
    1122407923 1175762924 1106872952 1119906190 -1 34 1116229991
    1173935881 1112897075 1122008328 1 30 1117131910 1159325599
    1109961009 1122398106 1 30 1117355007 1159255192 1131623756
